



1443711,-159.2,-0.0,0.0
1443736,-159.2,-0.0,0.0
1443761,-159.2,0.0,-0.1
1443786,-157.2,0.4,8.2
1443811,-155.4,0.7,15.4
1443836,-153.5,1.0,22.6
1443861,-151.7,1.2,29.7
1443886,-149.8,1.4,36.3
1443911,-148.0,1.5,42.4
1443936,-146.2,1.7,48.2
1443961,-144.5,1.9,53.6
1443986,-142.8,2.1,58.6
1444011,-141.1,2.3,62.9
1444036,-139.4,2.4,66.9
1444061,-137.7,2.4,70.6
1444086,-136.1,2.6,73.8
1444111,-134.5,2.7,76.7
1444136,-132.9,2.7,79.2
1444161,-131.5,2.8,81.4
1444186,-130.0,2.9,83.3
1444211,-128.5,3.0,85.0
1444236,-127.1,3.1,86.6
1444261,-124.8,3.1,88.8
1444286,-122.7,3.0,90.5
1444311,-121.5,3.1,91.3
1444336,-120.2,3.1,92.2
1444361,-119.0,3.2,92.9
1444386,-117.8,3.2,93.5
1444411,-116.6,3.3,94.0
1444436,-115.5,3.4,94.5
1444461,-114.4,3.5,94.9
1444486,-113.3,3.5,95.2
1444511,-112.2,3.5,95.6
1444536,-111.3,3.6,95.8
1444561,-110.3,3.5,96.1
1444586,-109.3,3.6,96.3
1444611,-108.4,3.6,96.5
1444636,-107.5,3.7,96.7
1444661,-106.6,3.7,96.9
1444686,-105.7,3.7,96.9
1444711,-104.8,3.7,97.0
1444736,-104.0,3.7,97.0
1444761,-103.1,3.8,97.1
1444786,-101.4,4.0,97.1
1444811,-100.4,4.0,97.2
1444836,-99.8,4.1,97.0
1444861,-99.1,4.1,96.9
1444886,-98.6,4.2,96.8
1444911,-97.9,4.1,96.9
1444936,-97.3,4.1,96.9
1444961,-96.7,4.1,96.9
1444986,-96.1,4.1,96.9
1445011,-95.4,4.1,96.9
1445036,-94.7,4.1,96.9
1445061,-94.1,4.1,97.0
1445086,-93.6,4.2,96.9
1445111,-93.0,4.2,96.9
1445136,-92.4,4.3,96.8
1445161,-92.0,4.3,96.7
1445186,-91.6,4.3,96.7
1445211,-91.0,4.3,96.7
1445236,-90.5,4.4,96.4
1445261,-90.0,4.4,96.4
1445286,-89.6,4.4,96.4
1445311,-89.1,4.4,96.3
1445336,-88.4,4.4,96.3
1445361,-87.6,4.3,96.4
1445386,-87.2,4.4,96.3
1445411,-86.9,4.4,96.3
1445436,-86.6,4.3,96.4
1445461,-86.3,4.4,96.3
1445486,-86.0,4.5,96.2
1445511,-85.7,4.5,96.2
1445536,-85.4,4.4,96.1
1445561,-85.2,4.4,96.1
1445586,-84.9,4.3,96.1
1445611,-84.7,4.3,96.1
1445636,-84.4,4.3,96.1
1445661,-84.2,4.3,96.1
1445686,-83.9,4.2,96.2
1445711,-83.7,4.2,96.2
1445736,-83.4,4.2,96.2
1445761,-83.1,4.1,96.2
1445786,-82.9,4.2,96.4
1445811,-82.7,4.2,96.4
1445836,-82.6,4.4,96.4
1445861,-82.3,4.4,96.3
1445886,-81.8,4.3,96.5
1445911,-81.5,4.4,96.4
1445936,-81.2,4.5,96.4
1445961,-80.9,4.5,96.3
1445986,-80.7,4.6,96.3
1446011,-80.5,4.6,96.2
1446036,-80.4,4.6,96.1
1446061,-80.2,4.6,96.1
1446086,-80.0,4.6,96.1
1446111,-79.9,4.6,96.1
1446136,-79.8,4.6,96.2
1446161,-79.7,4.6,96.0
1446186,-79.5,4.6,96.0
1446211,-79.4,4.6,96.0
1446236,-79.3,4.6,96.1
1446261,-79.2,4.5,96.1
1446286,-79.0,4.6,96.0
1446311,-78.9,4.5,96.0
1446336,-78.8,4.5,96.0
1446361,-78.7,4.6,95.9
1446386,-78.7,4.6,95.9
1446411,-78.6,4.6,95.9
1446436,-78.5,4.6,96.1
1446461,-78.4,4.6,95.9
1446486,-78.3,4.6,95.9
1446511,-78.2,4.6,95.9
1446536,-78.2,4.6,95.9
1446561,-78.1,4.5,95.9
1446586,-78.1,4.4,96.0
1446611,-78.1,4.4,96.0
1446636,-77.9,4.3,96.0
1446661,-77.8,4.2,96.1
1446686,-77.7,4.2,96.2
1446711,-77.7,4.2,96.2
1446736,-77.5,4.1,96.3
1446761,-77.5,4.2,96.3
1446786,-77.5,4.1,96.3
1446811,-77.4,4.2,96.2
1446836,-77.3,4.3,96.2
1446861,-77.4,4.3,96.1
1446886,-77.3,4.3,96.0
1446911,-77.3,4.4,95.9
1446936,-77.3,4.4,95.9
1446961,-77.1,4.5,95.9
1446986,-76.9,4.3,96.1
1447011,-76.8,4.4,96.2
1447036,-76.7,4.5,96.2
1447061,-76.6,4.6,96.2
1447086,-76.6,4.7,96.1
1447111,-76.7,4.8,96.1
1447136,-76.7,5.0,96.2
1447161,-76.9,5.1,96.3
1447186,-77.1,5.2,96.3
1447211,-77.4,5.1,96.5
1447236,-77.7,5.0,96.6
1447261,-77.9,4.6,96.7
1447286,-78.2,4.1,96.8
1447311,-78.2,3.6,96.9
1447336,-78.3,3.2,97.0
1447361,-78.4,3.0,97.1
1447386,-78.5,2.8,97.2
1447411,-78.6,2.7,97.4
1447436,-78.6,2.6,97.4
1447461,-78.7,2.4,97.4
1447486,-78.8,2.2,97.5
1447511,-78.9,1.9,97.7
1447536,-79.2,1.5,97.8
1447561,-79.3,1.2,97.9
1447586,-79.3,1.1,97.9
1447611,-79.5,1.0,98.0
1447636,-79.5,0.9,98.1
1447661,-79.8,0.9,98.0
1447686,-79.8,0.9,98.1
1447711,-79.9,0.9,98.2
1447736,-80.0,0.9,98.4
1447761,-80.1,0.9,98.4
1447786,-79.9,0.8,98.4
1447811,-79.8,0.8,98.5
1447836,-79.6,0.7,98.5
1447861,-79.4,0.8,98.4
1447886,-79.1,0.8,98.2
1447911,-78.7,0.8,98.0
1447936,-78.4,0.8,97.9
1447961,-78.0,0.7,97.9
1447986,-77.5,0.7,97.8
1448011,-77.0,0.6,97.7
1448036,-76.4,0.6,97.7
1448061,-75.9,0.7,97.6
1448086,-75.1,1.1,97.6
1448111,-74.5,1.6,97.5
1448136,-74.2,1.8,97.5
1448161,-73.9,2.0,97.5
1448186,-73.7,2.2,97.3
1448211,-73.5,2.4,97.3
1448236,-73.4,2.8,97.2
1448261,-73.3,2.9,97.1
1448286,-73.4,3.0,96.9
1448311,-73.3,3.1,96.8
1448336,-73.5,3.3,96.7
1448361,-73.7,3.6,96.7
1448386,-74.2,4.0,96.6
1448411,-74.7,4.3,96.5
1448436,-75.3,4.7,96.4
1448461,-76.0,4.9,96.1
1448486,-76.6,5.1,95.9
1448511,-77.3,5.3,95.6
1448536,-77.9,5.5,95.3
1448561,-78.5,5.7,95.1
1448586,-79.2,5.7,94.9
1448611,-79.9,6.2,94.9
1448636,-82.9,7.8,94.0
1448661,-86.0,9.3,93.0
1448686,-87.7,9.6,92.2
1448711,-89.4,8.9,91.0
1448736,-90.3,7.9,90.2
1448761,-91.3,7.3,89.4
1448786,-91.9,6.9,88.8
1448811,-92.4,6.6,88.2
1448836,-92.7,6.5,87.8
1448861,-93.1,6.7,87.4
1448886,-93.4,6.9,87.2
1448911,-93.6,6.8,86.9
1448936,-93.7,6.7,86.6
1448961,-93.8,6.7,86.2
1448986,-93.8,6.5,85.7
1449011,-93.7,6.5,85.4
1449036,-93.6,6.5,85.0
1449061,-93.3,6.4,84.6
1449086,-93.0,6.1,84.3
1449111,-92.9,6.1,84.2
1449136,-92.6,6.0,84.1
1449161,-92.2,5.9,84.0
1449186,-91.8,5.6,83.6
1449211,-91.2,5.1,83.4
1449236,-91.0,4.7,83.5
1449261,-90.5,4.4,83.6
1449286,-90.3,4.3,83.5
1449311,-90.1,4.0,83.3
1449336,-89.9,3.9,83.2
1449361,-89.6,4.0,82.9
1449386,-89.5,4.1,82.3
1449411,-89.4,4.1,81.7
1449436,-89.3,4.2,81.4
1449461,-89.1,4.2,81.3
1449486,-89.1,4.2,81.4
1449511,-89.1,4.2,81.6
1449536,-89.2,4.1,81.9
1449561,-89.3,3.8,82.1
1449586,-89.4,3.6,82.3
1449611,-89.6,3.4,82.2
1449636,-89.8,3.3,82.1
1449661,-89.9,3.3,81.9
1449686,-90.1,3.6,82.0
1449711,-90.4,3.9,81.9
1449736,-90.8,4.4,81.7
1449761,-91.1,5.1,81.7
1449786,-91.2,5.5,81.8
1449811,-91.3,6.0,82.1
1449836,-91.5,6.5,82.1
1449861,-91.7,7.0,82.0
1449886,-91.8,7.4,81.9
1449911,-92.1,7.9,81.9
1449936,-92.4,8.4,81.7
1449961,-92.7,8.8,81.6
1449986,-93.0,9.0,81.3
1450011,-93.2,9.2,81.0
1450036,-93.4,9.3,80.9
1450061,-93.6,9.6,80.7
1450086,-93.8,9.8,80.5
1450111,-94.1,10.1,80.4
1450136,-94.3,10.3,80.1
1450161,-94.5,10.3,80.1
1450186,-94.6,10.3,80.0
1450211,-94.7,10.1,79.9
1450236,-94.6,10.0,79.9
1450261,-93.8,9.5,79.7
1450286,-93.1,7.9,79.3
1450311,-91.8,7.0,79.1
1450336,-90.2,5.7,78.9
1450361,-88.3,4.9,78.8
1450386,-86.4,5.0,79.0
1450411,-84.7,5.3,79.3
1450436,-83.0,6.0,79.5
1450461,-81.6,6.6,79.9
1450486,-80.3,7.0,80.2
1450511,-79.3,7.4,80.4
1450536,-78.2,7.4,80.7
1450561,-77.3,7.3,81.1
1450586,-76.4,7.0,81.6
1450611,-75.5,6.9,81.9
1450636,-74.6,6.3,81.9
1450661,-73.3,5.6,81.7
1450686,-71.9,4.7,81.1
1450711,-70.2,4.1,81.0
1450736,-68.5,4.1,81.1
1450761,-67.3,4.4,81.2
1450786,-65.9,4.4,81.3
1450811,-63.9,4.1,81.5
1450836,-61.5,3.9,82.1
1450861,-60.2,3.9,82.1
1450886,-58.6,4.1,81.8
1450911,-56.5,4.0,81.7
1450936,-54.2,3.8,81.9
1450961,-51.8,3.8,82.0
1450986,-49.5,4.0,82.5
1451011,-47.3,4.3,82.9
1451036,-45.2,4.8,82.9
1451061,-43.1,5.2,83.2
1451086,-41.0,5.7,83.1
1451111,-38.7,6.2,83.1
1451136,-36.5,6.8,83.3
1451161,-34.6,7.4,83.4
1451186,-32.5,8.2,83.6
1451211,-30.8,8.8,83.6
1451236,-29.2,9.4,83.5
1451261,-27.7,9.5,83.4
1451286,-26.3,9.2,83.0
1451311,-24.9,8.8,82.6
1451336,-23.5,7.7,82.2
1451361,-20.8,6.4,81.3
1451386,-18.0,4.7,80.6
1451411,-15.6,3.4,80.2
1451436,-12.8,1.6,79.5
1451461,-8.7,-0.2,78.6
1451486,-4.1,-1.8,77.8
1451511,0.8,-3.1,77.0
1451536,5.8,-2.6,77.0
1451561,10.4,-2.1,77.1
1451586,14.9,-1.2,77.5
1451611,18.8,-0.2,78.2
1451636,22.5,0.3,78.6
1451661,25.7,0.8,79.1
1451686,28.8,1.3,79.1
1451711,31.4,1.6,79.0
1451736,34.1,1.8,78.9
1451761,36.5,1.7,78.5
1451786,38.8,2.6,78.0
1451811,40.6,3.4,77.9
1451836,42.4,3.9,77.8
1451861,43.7,4.5,77.9
1451886,44.9,5.1,77.7
1451911,46.0,6.0,77.2
1451936,47.1,6.0,76.4
1451961,47.7,6.0,76.2
1451986,48.4,6.0,76.0
1452011,49.0,6.0,75.8
1452036,49.6,5.6,75.6
1452061,50.0,5.5,75.5
1452086,50.3,5.9,75.5
1452111,50.7,6.0,75.4
1452136,51.1,6.2,75.3
1452161,51.3,6.6,75.1
1452186,51.5,7.0,75.1
1452211,51.6,7.3,74.8
1452236,51.6,7.3,74.8
1452261,51.5,7.5,74.8
1452286,51.3,7.3,75.1
1452311,51.3,6.8,75.4
1452336,51.5,6.5,76.1
1452361,51.7,6.3,76.7
1452386,52.0,6.6,77.7
1452411,52.3,6.8,78.9
1452436,52.6,6.7,80.0
1452461,52.8,6.4,81.1
1452486,53.3,6.1,82.7
1452511,53.8,6.2,83.7
1452536,53.9,6.6,84.4
1452561,54.0,6.9,84.9
1452586,53.9,7.0,84.9
1452611,53.7,7.2,84.8
1452636,53.7,7.4,84.9
1452661,53.6,7.3,84.7
1452686,53.6,7.4,85.0
1452711,53.5,7.4,85.3
1452736,53.5,7.2,85.3
1452761,53.3,7.2,85.3
1452786,52.9,7.6,85.3
1452811,52.2,7.9,85.2
1452836,51.5,7.8,85.0
1452861,50.6,7.5,84.3
1452886,50.0,6.9,83.4
1452911,49.6,5.5,82.0
1452936,49.6,4.6,81.4
1452961,49.8,3.2,80.7
1452986,50.2,2.2,80.1
1453011,50.7,1.7,79.7
1453036,51.4,1.1,79.6
1453061,52.8,0.5,79.0
1453086,54.1,0.6,78.7
1453111,54.9,0.7,78.5
1453136,55.1,1.7,78.4
1453161,55.2,2.7,78.4
1453186,54.7,3.4,78.9
1453211,54.2,3.4,79.3
1453236,53.8,2.7,79.7
1453261,53.4,2.4,80.2
1453286,52.8,2.5,80.6
1453311,52.3,2.3,80.9
1453336,51.6,2.5,81.1
1453361,50.7,3.1,81.3
1453386,49.7,4.0,81.5
1453411,48.8,4.2,81.3
1453436,48.0,3.9,81.0
1453461,47.4,3.5,80.6
1453486,47.0,3.2,80.0
1453511,46.8,2.9,78.9
1453536,46.4,3.3,78.2
1453561,45.9,4.3,77.6
1453586,44.9,5.3,77.3
1453611,43.7,6.1,77.0
1453636,40.9,7.0,77.2
1453661,38.5,5.6,77.7
1453686,37.3,4.8,78.1
1453711,36.1,4.2,78.5
1453736,35.2,3.6,78.9
1453761,34.3,3.0,79.3
1453786,33.6,2.6,79.7
1453811,32.9,2.2,80.1
1453836,32.3,2.1,79.8
1453861,31.7,1.8,78.7
1453886,31.1,1.6,78.0
1453911,30.6,1.7,76.9
1453936,30.2,1.4,75.9
1453961,29.8,1.3,74.9
1453986,29.4,1.2,74.5
1454011,28.9,0.7,74.6
1454036,28.5,0.4,74.5
1454061,28.2,0.1,74.8
1454086,27.6,0.1,74.9
1454111,27.0,0.6,75.0
1454136,25.9,1.0,75.4
1454161,24.7,2.1,76.6
1454186,22.2,3.3,76.6
1454211,17.2,4.5,76.9
1454236,13.9,3.0,74.2
1454261,12.5,2.1,72.9
1454286,11.2,2.4,72.2
1454311,9.8,2.8,71.9
1454336,8.4,3.3,72.1
1454361,6.8,3.9,72.5
1454386,5.1,4.4,73.4
1454411,3.0,5.1,74.0
1454436,0.9,5.3,74.6
1454461,-0.9,5.4,75.0
1454486,-2.7,5.2,75.4
1454511,-3.9,5.1,75.7
1454536,-5.2,5.1,75.9
1454561,-6.1,5.0,76.1
1454586,-7.0,5.2,76.0
1454611,-7.6,5.5,75.9
1454636,-8.0,5.6,76.0
1454661,-8.4,5.7,75.8
1454686,-8.7,5.9,75.9
1454711,-9.0,6.0,75.9
1454736,-9.0,6.1,75.9
1454761,-9.2,6.3,75.8
1454786,-9.5,6.5,75.2
1454811,-9.7,6.7,75.1
1454836,-9.8,6.7,74.9
1454861,-9.7,6.5,74.9
1454886,-9.4,6.5,75.1
1454911,-8.8,6.2,75.3
1454936,-7.9,5.7,75.3
1454961,-6.3,4.4,75.3
1454986,-4.2,3.1,75.4
1455011,-0.9,1.4,75.4
1455036,2.9,0.3,75.5
1455061,6.8,0.2,75.8
1455086,10.6,0.9,76.6
1455111,14.1,1.9,77.3
1455136,17.4,3.0,78.1
1455161,20.1,4.2,79.0
1455186,22.7,4.8,79.3
1455211,25.1,5.3,79.6
1455236,27.5,5.6,79.7
1455261,29.8,5.5,79.7
1455286,32.2,5.4,79.7
1455311,34.6,5.2,79.7
1455336,36.9,5.0,79.8
1455361,40.5,5.0,80.4
1455386,43.7,4.8,80.7
1455411,45.6,4.8,80.9
1455436,47.4,4.6,81.2
1455461,49.1,4.6,81.4
1455486,50.8,4.4,81.5
1455511,52.3,4.3,81.6
1455536,53.7,4.5,81.6
1455561,54.9,4.7,81.6
1455586,56.0,5.1,81.5
1455611,57.0,5.4,81.2
1455636,58.0,5.5,80.9
1455661,58.9,5.6,80.7
1455686,59.7,5.6,80.1
1455711,60.4,5.8,79.7
1455736,61.0,6.3,79.7
1455761,61.4,6.9,79.4
1455786,61.8,7.0,79.0
1455811,62.1,7.0,78.4
1455836,62.4,6.4,77.9
1455861,62.7,5.7,77.7
1455886,63.1,5.1,77.6
1455911,63.4,4.6,77.5
1455936,64.0,3.5,77.3
1455961,64.7,3.4,77.4
1455986,65.3,3.1,77.1
1456011,65.8,3.3,76.9
1456036,66.2,3.5,76.6
1456061,66.7,3.6,76.4
1456086,66.9,3.7,76.2
1456111,67.0,4.0,76.4
1456136,66.9,4.4,76.3
1456161,66.8,4.6,76.2
1456186,66.8,4.8,76.2
1456211,66.7,5.4,76.1
1456236,66.3,6.0,76.3
1456261,66.0,6.8,77.0
1456286,65.1,7.6,77.6
1456311,64.4,7.9,78.6
1456336,63.3,7.9,79.2
1456361,62.2,7.3,79.7
1456386,61.3,6.8,80.3
1456411,60.3,6.2,80.8
1456436,59.4,5.9,81.0
1456461,58.3,6.0,81.1
1456486,57.3,6.0,81.3
1456511,55.0,6.2,80.5
1456536,53.0,6.0,79.7
1456561,51.9,5.8,79.2
1456586,50.6,5.4,78.8
1456611,49.5,5.1,78.6
1456636,48.3,4.9,78.3
1456661,47.2,4.8,78.3
1456686,46.1,4.3,78.4
1456711,45.3,3.9,78.6
1456736,44.5,3.9,78.7
1456761,43.7,4.0,78.9
1456786,42.9,4.1,79.0
1456811,42.3,4.4,79.0
1456836,41.5,4.8,79.3
1456861,40.5,5.2,79.2
1456886,39.4,5.8,79.0
1456911,38.1,6.2,79.0
1456936,36.6,6.8,79.0
1456961,34.9,7.3,79.3
1456986,33.1,7.6,79.5
1457011,30.8,7.7,79.6
1457036,28.5,7.6,79.9
1457061,26.3,7.5,79.8
1457086,21.7,6.2,78.3
1457111,18.4,6.5,77.5
1457136,16.3,7.0,77.1
1457161,14.2,7.9,77.1
1457186,12.3,8.4,77.2
1457211,10.4,9.1,77.2
1457236,8.9,9.5,77.5
1457261,7.5,9.6,77.7
1457286,6.4,9.7,77.8
1457311,5.6,9.3,77.7
1457336,5.2,8.7,77.1
1457361,5.3,7.8,76.5
1457386,5.7,6.8,76.2
1457411,6.3,6.2,76.0
1457436,6.8,6.0,75.9
1457461,7.3,6.2,75.6
1457486,7.8,6.4,75.5
1457511,8.3,6.6,75.4
1457536,8.6,6.8,75.4
1457561,8.9,7.2,75.0
1457586,9.0,7.7,74.8
1457611,9.0,8.2,74.8
1457636,8.6,8.8,74.9
1457661,7.9,9.4,75.0
1457686,5.9,9.8,75.2
1457711,4.3,10.2,75.1
1457736,3.0,10.2,75.1
1457761,2.1,9.9,75.3
1457786,1.3,8.7,75.5
1457811,0.9,7.7,75.8
1457836,0.7,6.8,76.0
1457861,0.8,6.1,76.1
1457886,1.1,5.3,76.2
1457911,1.7,4.6,76.2
1457936,2.3,4.4,76.1
1457961,3.1,4.5,76.2
1457986,3.5,5.4,75.7
1458011,3.4,6.8,76.0
1458036,2.6,8.8,76.2
1458061,1.0,10.7,76.6
1458086,-1.0,12.0,77.0
1458111,-2.7,12.1,76.9
1458136,-4.4,11.9,77.0
1458161,-5.9,11.4,77.0
1458186,-7.2,10.7,76.9
1458211,-8.1,9.6,76.9
1458236,-8.7,8.7,77.0
1458261,-7.7,6.5,77.0
1458286,-6.8,6.2,77.4
1458311,-6.6,6.6,77.6
1458336,-6.5,7.8,77.4
1458361,-7.1,9.2,77.5
1458386,-7.9,11.4,77.9
1458411,-9.6,13.2,78.2
1458436,-11.3,13.6,78.3
1458461,-13.4,14.0,78.2
1458486,-15.6,14.2,77.6
1458511,-17.7,14.0,76.7
1458536,-19.8,14.1,76.3
1458561,-21.6,14.2,76.1
1458586,-23.4,13.6,76.0
1458611,-25.0,13.0,76.1
1458636,-26.4,12.3,76.1
1458661,-26.8,11.2,75.9
1458686,-26.9,9.5,76.1
1458711,-26.1,7.8,76.0
1458736,-25.1,6.6,76.2
1458761,-24.0,6.0,76.0
1458786,-22.9,6.0,76.0
1458811,-23.6,7.3,76.7
1458836,-24.7,10.4,77.3
1458861,-26.6,11.9,77.3
1458886,-28.6,13.0,77.6
1458911,-30.5,13.3,78.0
1458936,-32.2,11.9,78.2
1458961,-33.2,10.6,78.2
1458986,-33.8,8.6,77.8
1459011,-33.5,6.6,77.5
1459036,-32.8,5.2,77.5
1459061,-31.8,4.2,77.1
1459086,-30.7,4.1,76.6
1459111,-29.4,3.9,76.4
1459136,-28.1,4.1,76.3
1459161,-26.9,4.4,76.3
1459186,-25.7,4.7,76.2
1459211,-24.5,5.0,76.2
1459236,-23.4,5.7,76.2
1459261,-22.7,6.3,76.2
1459286,-22.1,6.7,76.1
1459311,-21.8,7.2,75.8
1459336,-22.0,7.5,75.6
1459361,-22.2,8.2,75.1
1459386,-22.4,8.7,75.1
1459411,-22.6,8.9,75.2
1459436,-22.6,9.0,75.2
1459461,-22.5,9.0,75.4
1459486,-22.1,8.9,75.6
1459511,-21.7,9.0,75.8
1459536,-21.2,9.0,76.0
1459561,-20.7,9.0,76.1
1459586,-20.0,9.0,76.2
1459611,-19.3,9.2,76.1
1459636,-18.6,9.4,75.8
1459661,-17.9,9.4,75.6
1459686,-17.2,9.5,75.3
1459711,-16.5,9.3,74.9
1459736,-15.9,9.3,74.7
1459761,-15.3,9.4,74.4
1459786,-14.7,9.3,74.3
1459811,-14.0,8.7,74.1
1459836,-13.3,8.2,74.0
1459861,-12.5,7.9,74.1
1459886,-11.4,7.6,74.2
1459911,-10.3,7.3,74.2
1459936,-9.8,7.3,74.2
1459961,-9.3,7.0,74.1
1459986,-8.8,6.6,73.9
1460011,-8.3,6.6,73.8
1460036,-7.9,6.6,73.9
1460061,-7.6,6.5,73.8
1460086,-7.4,6.4,73.8
1460111,-7.3,6.4,74.1
1460136,-7.2,6.4,74.3
1460161,-7.2,6.4,74.5
1460186,-7.3,6.6,74.7
1460211,-7.5,7.3,74.9
1460236,-8.2,7.9,75.2
1460261,-9.2,8.9,75.4
1460286,-10.4,9.4,75.4
1460311,-11.5,9.3,75.2
1460336,-12.3,8.7,75.2
1460361,-13.2,8.2,75.2
1460386,-14.0,7.8,75.2
1460411,-14.8,7.2,75.3
1460436,-15.8,6.2,75.3
1460461,-16.6,5.4,75.6
1460486,-16.9,4.9,75.7
1460511,-17.2,4.6,75.8
1460536,-17.7,4.4,75.8
1460561,-18.3,4.4,75.7
1460586,-18.7,4.4,75.7
1460611,-19.2,4.0,75.6
1460636,-19.4,3.8,75.7
1460661,-19.7,4.0,75.8
1460686,-20.1,4.4,75.8
1460711,-20.6,4.9,75.6
1460736,-21.3,5.5,75.6
1460761,-21.9,5.6,75.5
1460786,-22.3,5.6,75.7
1460811,-22.7,5.4,75.7
1460836,-23.0,5.3,75.5
1460861,-23.3,5.4,75.7
1460886,-23.7,5.6,75.9
1460911,-24.2,5.6,75.9
1460936,-24.7,5.4,76.0
1460961,-25.3,4.9,76.0
1460986,-26.0,4.5,76.0
1461011,-26.8,4.7,75.9
1461036,-27.4,4.8,75.8
1461061,-28.1,4.9,75.9
1461086,-29.2,5.2,75.9
1461111,-30.4,5.6,75.6
1461136,-32.0,6.0,75.5
1461161,-33.7,6.2,75.6
1461186,-35.1,5.8,75.6
1461211,-36.2,4.0,75.0
1461236,-36.1,2.0,74.2
1461261,-35.7,0.4,73.9
1461286,-33.9,-1.2,73.1
1461311,-32.0,-1.9,72.5
1461336,-29.4,-2.4,71.9
1461361,-26.6,-2.1,71.1
1461386,-23.9,-1.7,70.9
1461411,-21.2,-0.6,70.9
1461436,-19.0,0.6,71.2
1461461,-16.7,1.9,71.9
1461486,-14.9,3.3,72.5
1461511,-11.8,5.3,74.1
1461536,-10.1,6.6,74.6
1461561,-9.2,7.4,74.9
1461586,-8.4,7.9,75.1
1461611,-7.9,8.2,75.0
1461636,-7.5,8.6,75.0
1461661,-7.2,9.1,74.9
1461686,-7.3,9.7,75.2
1461711,-7.7,10.3,75.4
1461736,-8.1,10.3,75.6
1461761,-8.4,10.3,75.7
1461786,-8.9,10.4,75.9
1461811,-9.4,10.1,76.1
1461836,-9.9,9.7,76.2
1461861,-10.3,9.6,76.1
1461886,-10.6,9.4,76.0
1461911,-11.0,9.4,75.7
1461936,-11.2,9.6,75.4
1461961,-11.4,9.9,75.1
1461986,-11.6,10.0,75.0
1462011,-11.7,10.1,75.1
1462036,-11.8,10.0,75.3
1462061,-12.1,9.9,75.8
1462086,-12.3,9.0,76.4
1462111,-12.5,8.7,76.7
1462136,-12.5,7.9,77.1
1462161,-12.5,7.3,77.3
1462186,-12.3,6.7,77.5
1462211,-12.2,6.2,77.7
1462236,-12.0,5.6,77.8
1462261,-11.9,5.1,77.6
1462286,-11.8,4.9,77.5
1462311,-11.8,4.8,77.2
1462336,-11.8,4.6,77.0
1462361,-12.1,4.4,77.0
1462386,-12.4,4.3,77.1
1462411,-12.7,4.1,77.2
1462436,-13.1,3.7,77.4
1462461,-13.4,3.3,77.6
1462486,-13.7,3.1,77.8
1462511,-14.1,2.9,78.0
1462536,-14.5,2.9,78.2
1462561,-15.0,2.9,78.6
1462586,-15.7,2.9,79.0
1462611,-16.9,2.7,79.1
1462636,-18.2,2.4,79.3
1462661,-19.2,2.2,79.4
1462686,-20.4,2.1,79.5
1462711,-21.7,2.0,79.6
1462736,-23.1,1.9,79.8
1462761,-25.2,2.1,80.1
1462786,-27.4,2.3,80.9
1462811,-29.9,2.4,81.4
1462836,-32.3,1.8,82.0
1462861,-34.5,1.1,82.5
1462886,-36.8,0.5,83.0
1462911,-39.0,0.2,83.3
1462936,-41.3,0.3,83.7
1462961,-43.7,0.3,84.0
1462986,-46.1,0.2,84.1
1463011,-48.5,0.0,84.2
1463036,-50.9,-0.1,84.5
1463061,-53.5,-0.1,85.0
1463086,-56.2,0.1,85.4
1463111,-58.9,0.2,86.0
1463136,-61.6,0.1,86.7
1463161,-65.1,0.2,87.0
1463186,-68.7,0.3,87.1
1463211,-70.6,0.4,87.5
1463236,-72.6,0.9,87.8
1463261,-74.4,1.2,88.1
1463286,-76.1,1.3,88.5
1463311,-77.7,1.4,89.0
1463336,-79.3,1.6,89.7
1463361,-80.6,1.7,90.2
1463386,-81.8,1.9,90.8
1463411,-82.7,2.2,91.3
1463436,-83.6,2.9,91.9
1463461,-84.4,3.6,92.4
1463486,-85.2,4.4,93.0
1463511,-85.9,5.0,93.2
1463536,-86.8,5.7,93.5
1463561,-87.5,6.1,93.8
1463586,-88.1,6.1,93.7
1463611,-88.6,6.0,93.6
1463636,-89.2,6.1,93.5
1463661,-89.7,6.3,93.4
1463686,-90.2,6.1,93.1
1463711,-91.1,5.7,92.6
1463736,-92.0,6.0,92.1
1463761,-92.7,6.1,91.9
1463786,-93.5,6.9,92.2
1463811,-94.7,7.7,92.3
1463836,-95.9,8.6,92.8
1463861,-98.4,9.9,93.2
1463886,-101.4,12.0,94.1
1463911,-104.7,13.4,94.7
1463936,-108.2,13.6,95.1
1463961,-111.7,13.7,95.5
1463986,-115.4,12.5,95.7
1464011,-118.6,11.1,96.0
1464036,-121.9,9.6,96.0
1464061,-124.3,7.8,96.2
1464086,-126.7,6.2,96.7
1464111,-128.6,4.4,97.0
1464136,-130.4,3.1,97.4
1464161,-131.8,1.9,97.8
1464186,-133.1,0.6,97.7
1464211,-134.0,-0.4,97.7
1464236,-135.7,-1.6,98.3
1464261,-136.8,-1.9,98.4
1464286,-137.7,-1.8,98.3
1464311,-138.5,-1.7,98.2
1464336,-139.5,-1.7,98.1
1464361,-140.5,-1.6,98.0
1464386,-141.5,-1.4,98.0
1464411,-142.6,-1.1,98.2
1464436,-143.8,-0.7,98.2
1464461,-145.2,-0.4,98.3
1464486,-146.6,-0.2,98.1
1464511,-147.9,-0.1,98.0
1464536,-149.2,-0.1,97.6
1464561,-150.6,0.2,97.2
1464586,-151.9,0.4,96.8
1464611,-153.1,0.2,96.1
1464636,-154.3,0.2,95.2
1464661,-155.3,0.3,94.3
1464686,-156.2,0.0,93.3
1464711,-156.9,-0.2,92.2
1464736,-158.1,-0.2,90.7
1464761,-158.9,-0.4,89.3
1464786,-159.4,-0.2,88.7
1464811,-159.8,-0.0,87.7
1464836,-160.2,-0.0,86.7
1464861,-160.3,-0.0,85.6
1464886,-160.3,0.1,84.4
1464911,-160.2,0.2,83.3
1464936,-159.8,0.3,82.1
1464961,-159.4,0.7,81.1
1464986,-158.8,1.2,80.0
1465011,-158.0,1.7,79.1
1465036,-157.2,2.3,78.6
1465061,-156.3,3.2,78.3
1465086,-155.4,4.1,78.3
1465111,-154.3,4.7,78.5
1465136,-153.1,5.1,78.7
1465161,-151.9,5.4,78.8
1465186,-150.5,5.4,78.8
1465211,-148.9,5.3,78.8
1465236,-147.0,5.1,78.8
1465261,-141.3,4.2,78.4
1465286,-136.9,3.7,78.5
1465311,-133.6,3.6,78.5
1465336,-130.2,3.8,78.8
1465361,-126.5,3.7,79.3
1465386,-122.8,4.0,80.1
1465411,-119.1,4.4,80.8
1465436,-115.4,4.4,81.7
1465461,-111.8,4.6,82.5
1465486,-108.2,4.6,83.0
1465511,-104.8,4.8,83.4
1465536,-101.6,5.5,83.7
1465561,-98.7,6.3,84.0
1465586,-95.9,7.4,84.1
1465611,-93.5,8.4,84.4
1465636,-91.2,9.0,84.4
1465661,-89.1,9.3,84.5
1465686,-86.8,9.1,84.5
1465711,-84.5,8.5,84.5
1465736,-81.9,7.6,84.7
1465761,-79.4,7.0,85.1
1465786,-72.9,5.2,84.8
1465811,-68.0,4.8,84.7
1465836,-64.5,4.7,84.2
1465861,-60.9,4.6,83.6
1465886,-57.2,4.9,83.1
1465911,-53.7,5.2,82.5
1465936,-50.2,5.5,81.9
1465961,-47.0,5.8,81.3
1465986,-43.8,5.8,80.7
1466011,-40.7,5.4,80.4
1466036,-37.4,4.3,80.0
1466061,-34.1,3.8,80.0
1466086,-31.2,3.7,79.9
1466111,-28.7,3.9,80.0
1466136,-26.5,4.2,80.1
1466161,-24.6,4.4,80.1
1466186,-22.9,4.7,79.9
1466211,-21.3,4.8,79.7
1466236,-19.9,4.7,79.2
1466261,-18.6,4.6,78.6
1466286,-17.3,4.6,78.2
1466311,-16.2,4.9,77.8
1466336,-14.8,5.3,77.2
1466361,-13.7,5.2,76.5
1466386,-13.1,5.0,76.1
1466411,-12.6,4.8,75.7
1466436,-12.2,4.5,75.5
1466461,-11.8,4.1,75.2
1466486,-11.6,3.6,75.1
1466511,-11.4,3.5,75.1
1466536,-11.4,3.5,75.1
1466561,-11.5,3.4,75.1
1466586,-11.6,3.4,75.2
1466611,-11.8,3.4,75.2
1466636,-11.9,3.3,75.2
1466661,-12.1,3.4,75.4
1466686,-12.4,3.6,75.4
1466711,-12.5,3.9,75.5
1466736,-12.7,4.2,75.5
1466761,-12.7,4.8,75.5
1466786,-12.9,5.4,75.6
1466811,-13.1,6.0,75.7
1466836,-13.3,6.4,75.8
1466861,-13.6,6.7,75.8
1466886,-14.0,6.9,76.0
1466911,-14.4,6.5,76.4
1466936,-14.8,6.4,76.7
1466961,-15.2,6.7,77.2
1466986,-16.2,7.1,77.7
1467011,-17.3,7.5,78.3
1467036,-18.6,7.6,78.6
1467061,-20.0,8.0,79.0
1467086,-21.4,8.2,79.3
1467111,-22.9,8.1,79.4
1467136,-24.2,7.8,79.4
1467161,-25.6,7.2,79.3
1467186,-26.5,6.6,79.4
1467211,-27.4,6.1,80.0
1467236,-28.1,5.9,80.4
1467261,-28.8,6.0,80.8
1467286,-29.4,6.0,81.2
1467311,-30.0,6.2,81.5
1467336,-30.5,6.3,81.4
1467361,-31.0,6.4,81.2
1467386,-31.5,6.3,80.6
1467411,-32.1,6.5,79.5
1467436,-33.5,5.2,77.1
1467461,-34.9,2.9,74.7
1467486,-35.8,1.3,73.5
1467511,-36.8,-1.2,72.2
1467536,-37.8,-3.7,71.4
1467561,-38.6,-6.9,70.7
1467586,-39.3,-9.8,70.4
1467611,-39.9,-13.0,70.5
1467636,-40.4,-15.8,70.4
1467661,-41.0,-18.4,70.6
1467686,-41.1,-20.8,70.8
1467711,-41.4,-22.7,71.0
1467736,-41.8,-24.2,71.1
1467761,-41.9,-26.6,70.6
1467786,-41.9,-28.4,70.6
1467811,-42.3,-29.6,71.2
1467836,-42.3,-30.6,71.5
1467861,-42.1,-31.6,71.5
1467886,-42.1,-32.1,71.6
1467911,-41.8,-32.7,71.7
1467936,-41.1,-33.2,71.5
1467961,-40.4,-33.2,71.4
1467986,-39.5,-32.9,71.2
1468011,-38.7,-32.3,71.0
1468036,-37.7,-31.6,70.7
1468061,-37.1,-30.3,70.7
1468086,-36.2,-28.9,70.3
1468111,-35.4,-27.4,70.1
1468136,-34.9,-25.7,70.0
1468161,-34.0,-24.2,69.5
1468186,-33.3,-22.6,69.2
1468211,-32.8,-20.2,69.0
1468236,-31.9,-18.1,68.7
1468261,-31.0,-15.8,68.5
1468286,-30.2,-13.6,68.5
1468311,-29.6,-10.8,68.5
1468336,-28.9,-8.2,68.6
1468361,-28.2,-5.7,68.9
1468386,-27.8,-3.4,69.4
1468411,-27.3,-0.6,69.8
1468436,-26.8,2.7,70.5
1468461,-26.2,6.2,71.2
1468486,-25.9,7.9,71.7
1468511,-25.4,9.5,72.3
1468536,-25.0,11.3,72.9
1468561,-24.7,12.9,73.6
1468586,-24.3,14.6,74.1
1468611,-24.0,16.6,74.6
1468636,-23.6,18.6,75.2
1468661,-23.0,20.9,76.0
1468686,-22.0,22.9,76.9
1468711,-20.8,26.4,78.3
1468736,-20.0,29.5,79.9
1468761,-18.9,32.1,82.0
1468786,-18.3,34.0,83.7
1468811,-17.4,35.9,85.6
1468836,-16.6,37.2,87.4
1468861,-15.8,38.2,89.3
1468886,-15.4,38.9,90.9
1468911,-15.1,39.7,92.5
1468936,-15.5,40.1,93.2
1468961,-16.3,40.3,93.6
1468986,-16.7,40.6,94.1
1469011,-17.0,40.7,94.4
1469036,-17.3,40.9,94.4
1469061,-17.8,40.8,94.0
1469086,-18.7,40.6,93.2
1469111,-19.8,40.6,92.5
1469136,-21.0,40.3,91.4
1469161,-22.5,39.5,90.0
1469186,-24.0,38.8,88.8
1469211,-25.5,37.8,87.4
1469236,-27.0,36.5,85.9
1469261,-28.8,35.5,84.3
1469286,-30.7,34.3,82.6
1469311,-32.5,32.5,81.2
1469336,-34.1,30.4,79.9
1469361,-35.7,28.2,78.7
1469386,-37.3,26.0,77.6
1469411,-38.6,23.9,76.8
1469436,-39.7,21.6,76.3
1469461,-41.0,19.2,75.9
1469486,-42.8,15.1,75.6
1469511,-44.0,11.5,75.6
1469536,-45.0,9.3,75.9
1469561,-45.9,7.0,76.1
1469586,-46.7,5.0,76.3
1469611,-47.3,3.0,76.5
1469636,-47.9,1.4,76.5
1469661,-48.4,0.4,76.6
1469686,-49.1,-0.6,76.8
1469711,-49.9,-1.3,77.2
1469736,-50.7,-2.0,77.8
1469761,-52.0,-2.1,78.9
1469786,-54.2,-1.4,80.6
1469811,-56.5,-1.7,82.2
1469836,-58.7,-2.6,83.7
1469861,-61.1,-3.3,85.2
1469886,-63.2,-3.9,86.5
1469911,-65.2,-4.5,88.0
1469936,-66.8,-5.0,89.0
1469961,-68.2,-5.3,89.8
1469986,-69.4,-5.5,90.4
1470011,-70.5,-5.6,90.9
1470036,-71.1,-5.2,91.4
1470061,-71.4,-4.8,91.6
1470086,-71.5,-4.5,91.7
1470111,-71.7,-3.8,91.8
1470136,-71.8,-3.1,91.8
1470161,-71.9,-2.6,92.2
1470186,-71.9,-2.2,92.3
1470211,-72.1,-1.8,92.5
1470236,-72.2,-1.5,92.6
1470261,-72.2,-1.5,92.6
1470286,-72.2,-1.5,92.7
1470311,-72.0,-1.6,92.7
1470336,-72.0,-1.8,92.8
1470361,-71.8,-1.9,92.9
1470386,-71.8,-1.9,93.1
1470411,-71.8,-1.9,93.2
1470436,-71.8,-1.7,93.3
1470461,-71.7,-1.7,93.3
1470486,-71.9,-1.7,93.5
1470511,-72.1,-2.0,93.6
1470536,-72.3,-2.3,93.9
1470561,-72.5,-2.6,94.1
1470586,-72.5,-2.7,94.2
1470611,-72.5,-2.7,94.2
1470636,-72.5,-2.8,94.2
1470661,-72.5,-2.3,94.1
1470686,-72.7,-1.8,94.3
1470711,-72.8,-1.7,94.2
1470736,-73.1,-1.4,94.2
1470761,-73.5,-1.2,94.0
1470786,-73.7,-1.3,93.8
1470811,-74.0,-1.1,93.7
1470836,-74.4,-0.9,93.7
1470861,-74.9,-0.9,93.5
1470886,-75.2,-0.8,93.6
1470911,-75.5,-0.6,93.5
1470936,-75.8,-0.2,93.5
1470961,-76.2,0.2,93.7
1470986,-76.6,0.5,93.6
1471011,-76.9,1.1,93.6
1471036,-77.2,1.4,93.9
1471061,-78.3,2.1,93.1
1471086,-78.9,2.2,92.3
1471111,-79.3,2.2,91.8
1471136,-79.7,2.6,91.3
1471161,-80.0,2.6,91.0
1471186,-80.4,2.9,90.8
1471211,-80.8,3.2,90.6
1471236,-81.2,3.4,90.4
1471261,-81.6,3.7,90.4
1471286,-81.8,4.0,90.4
1471311,-82.0,4.2,90.4
1471336,-82.4,4.8,90.5
1471361,-82.6,5.2,90.4
1471386,-82.8,5.5,90.3
1471411,-83.1,5.8,90.2
1471436,-83.3,6.3,89.9
1471461,-83.4,6.6,89.8
1471486,-83.5,6.6,89.9
1471511,-83.5,6.7,89.9
1471536,-83.6,6.6,90.0
1471561,-83.7,6.7,89.9
1471586,-83.7,6.9,89.9
1471611,-83.9,7.2,89.7
1471636,-84.3,7.6,89.9
1471661,-84.4,7.7,89.6
1471686,-84.6,7.6,89.1
1471711,-84.9,7.5,88.5
1471736,-85.2,7.2,87.7
1471761,-85.4,7.1,87.3
1471786,-85.7,7.2,87.0
1471811,-85.9,7.2,87.1
1471836,-86.1,6.9,87.1
1471861,-86.5,6.8,87.1
1471886,-86.8,6.9,87.2
1471911,-87.3,7.1,87.0
1471936,-87.8,7.3,86.9
1471961,-88.0,7.4,87.0
1471986,-88.4,7.2,86.8
1472011,-88.7,7.0,86.8
1472036,-89.0,6.9,86.7
1472061,-89.4,6.8,86.6
1472086,-89.8,6.5,86.2
1472111,-90.1,6.3,85.9



