



1443711,-141.8,-0.0,0.0
1443736,-141.8,-0.0,0.0
1443761,-141.8,-0.0,0.0
1443786,-140.7,-0.2,8.4
1443811,-139.8,-0.3,15.1
1443836,-138.9,-0.4,21.5
1443861,-137.9,-0.5,27.6
1443886,-137.0,-0.5,33.2
1443911,-136.2,-0.5,38.4
1443936,-135.2,-0.5,43.3
1443961,-134.3,-0.4,47.5
1443986,-133.5,-0.4,51.4
1444011,-132.7,-0.4,54.8
1444036,-131.9,-0.4,57.7
1444061,-131.2,-0.4,60.4
1444086,-130.5,-0.3,62.6
1444111,-129.8,-0.2,64.8
1444136,-129.0,-0.2,66.8
1444161,-128.3,-0.1,68.6
1444186,-127.6,-0.1,69.8
1444211,-127.0,0.0,70.9
1444236,-126.3,0.0,71.8
1444261,-125.7,0.0,72.7
1444286,-125.1,0.1,73.4
1444311,-124.5,0.2,73.9
1444336,-123.9,0.2,74.7
1444361,-123.4,0.2,75.1
1444386,-122.9,0.3,75.5
1444411,-122.4,0.3,76.1
1444436,-121.9,0.3,76.5
1444461,-121.4,0.3,76.8
1444486,-121.0,0.3,77.0
1444511,-120.6,0.2,77.1
1444536,-120.2,0.3,77.2
1444561,-119.8,0.3,77.4
1444586,-119.4,0.3,77.4
1444611,-118.9,0.3,77.2
1444636,-118.5,0.3,77.2
1444661,-118.2,0.3,77.1
1444686,-117.8,0.3,77.0
1444711,-117.4,0.3,76.9
1444736,-117.1,0.3,77.0
1444761,-116.5,0.5,76.9
1444786,-116.1,0.4,76.7
1444811,-115.8,0.4,76.8
1444836,-115.6,0.3,76.8
1444861,-115.3,0.3,76.8
1444886,-115.0,0.3,76.8
1444911,-114.8,0.3,76.8
1444936,-114.6,0.3,76.7
1444961,-114.4,0.3,76.5
1444986,-114.1,0.3,76.5
1445011,-113.9,0.2,76.3
1445036,-113.7,0.2,76.3
1445061,-113.5,0.2,76.3
1445086,-113.3,0.2,76.3
1445111,-113.1,0.2,76.2
1445136,-112.9,0.2,76.2
1445161,-112.7,0.1,76.4
1445186,-112.6,0.1,76.4
1445211,-112.4,0.2,76.4
1445236,-112.2,0.2,76.4
1445261,-112.0,0.1,76.5
1445286,-111.7,0.2,76.5
1445311,-111.6,0.2,76.6
1445336,-111.5,0.2,76.6
1445361,-111.3,0.3,76.7
1445386,-111.2,0.3,76.7
1445411,-111.1,0.3,76.7
1445436,-110.9,0.2,76.8
1445461,-110.7,0.3,76.8
1445486,-110.6,0.3,76.9
1445511,-110.4,0.2,76.9
1445536,-110.3,0.3,77.0
1445561,-110.2,0.4,77.2
1445586,-110.2,0.3,77.2
1445611,-110.0,0.3,77.2
1445636,-109.9,0.3,77.4
1445661,-109.9,0.4,77.5
1445686,-109.7,0.5,77.6
1445711,-109.6,0.5,77.7
1445736,-109.5,0.5,77.8
1445761,-109.3,0.5,77.8
1445786,-109.2,0.5,77.9
1445811,-109.0,0.5,77.8
1445836,-108.8,0.4,78.1
1445861,-108.7,0.4,78.1
1445886,-108.7,0.4,78.2
1445911,-108.7,0.3,78.3
1445936,-108.6,0.3,78.4
1445961,-108.6,0.3,78.4
1445986,-108.4,0.3,78.4
1446011,-108.4,0.3,78.3
1446036,-108.5,0.2,78.2
1446061,-108.4,0.2,78.2
1446086,-108.2,0.2,78.1
1446111,-108.1,0.3,78.3
1446136,-108.0,0.3,78.5
1446161,-107.9,0.3,78.5
1446186,-107.8,0.3,78.5
1446211,-107.7,0.3,78.6
1446236,-107.6,0.4,78.7
1446261,-107.5,0.4,78.6
1446286,-107.4,0.4,78.7
1446311,-107.4,0.4,78.7
1446336,-107.4,0.5,78.7
1446361,-107.4,0.4,78.7
1446386,-107.4,0.3,78.8
1446411,-107.3,0.2,78.7
1446436,-107.2,0.2,78.7
1446461,-107.2,0.2,78.6
1446486,-107.2,0.2,78.5
1446511,-107.3,0.3,78.6
1446536,-107.3,0.2,78.6
1446561,-107.4,0.2,78.7
1446586,-107.3,0.2,78.7
1446611,-107.2,0.3,78.8
1446636,-107.2,0.3,78.7
1446661,-107.2,0.3,78.7
1446686,-107.1,0.3,78.6
1446711,-107.1,0.3,78.7
1446736,-107.1,0.4,78.6
1446761,-107.1,0.3,78.6
1446786,-107.0,0.3,78.4
1446811,-106.9,0.4,78.3
1446836,-106.9,0.4,78.0
1446861,-106.9,0.5,78.5
1446886,-106.8,0.6,78.2
1446911,-106.9,0.6,78.1
1446936,-106.9,0.6,78.0
1446961,-106.9,0.5,77.9
1446986,-106.9,0.5,77.8
1447011,-106.9,0.5,77.7
1447036,-106.8,0.5,77.8
1447061,-106.8,0.5,77.7
1447086,-106.8,0.5,77.8
1447111,-106.8,0.4,77.9
1447136,-106.7,0.4,77.9
1447161,-106.7,0.4,77.9
1447186,-106.6,0.5,77.9
1447211,-106.5,0.5,77.9
1447236,-106.5,0.6,78.0
1447261,-106.4,0.6,78.0
1447286,-106.5,0.7,77.9
1447311,-106.4,0.6,77.8
1447336,-106.4,0.5,78.0
1447361,-106.4,0.4,77.9
1447386,-106.3,0.3,78.1
1447411,-106.3,0.3,78.4
1447436,-106.3,0.1,78.5
1447461,-106.2,0.0,78.8
1447486,-106.2,-0.1,78.9
1447511,-106.2,-0.1,79.0
1447536,-106.0,-0.1,79.0
1447561,-106.0,-0.1,79.0
1447586,-105.9,-0.2,78.9
1447611,-105.9,-0.2,79.0
1447636,-105.8,-0.2,79.1
1447661,-105.7,-0.2,79.4
1447686,-105.7,-0.1,79.4
1447711,-105.9,-0.1,79.4
1447736,-105.9,-0.1,79.4
1447761,-105.9,-0.1,79.5
1447786,-105.8,-0.1,79.5
1447811,-105.8,-0.0,79.5
1447836,-105.8,-0.1,79.6
1447861,-105.7,-0.0,79.7
1447886,-105.7,-0.2,80.0
1447911,-105.6,-0.2,80.0
1447936,-105.6,-0.2,79.9
1447961,-105.5,-0.3,80.0
1447986,-105.6,-0.3,80.0
1448011,-105.5,-0.2,79.9
1448036,-105.4,-0.2,79.8
1448061,-105.5,-0.3,79.9
1448086,-105.4,-0.3,79.9
1448111,-105.4,-0.3,80.0
1448136,-105.3,-0.4,80.0
1448161,-105.2,-0.4,80.0
1448186,-105.2,-0.4,79.9
1448211,-105.2,-0.4,79.9
1448236,-105.2,-0.5,79.8
1448261,-105.1,-0.5,79.8
1448286,-105.0,-0.6,79.9
1448311,-104.9,-0.5,79.8
1448336,-104.9,-0.5,79.7
1448361,-104.8,-0.5,79.7
1448386,-104.8,-0.5,79.7
1448411,-104.8,-0.4,79.6
1448436,-104.7,-0.3,79.5
1448461,-104.5,-0.2,79.6
1448486,-104.5,-0.1,79.6
1448511,-104.4,-0.1,79.6
1448536,-104.3,-0.1,79.7
1448561,-104.3,-0.1,79.7
1448586,-104.1,-0.0,79.7
1448611,-103.9,-0.0,79.7
1448636,-103.6,-0.0,79.8
1448661,-103.4,-0.1,79.9
1448686,-103.1,-0.1,80.1
1448711,-102.8,-0.2,80.1
1448736,-102.4,-0.3,80.3
1448761,-101.9,-0.3,80.5
1448786,-101.4,-0.3,80.6
1448811,-100.9,-0.3,80.8
1448836,-100.4,-0.3,80.9
1448861,-99.9,-0.4,81.1
1448886,-98.6,-0.4,81.7
1448911,-97.5,-1.0,81.9
1448936,-96.8,-1.2,82.2
1448961,-96.2,-1.6,82.4
1448986,-95.6,-1.8,82.6
1449011,-95.1,-2.1,82.6
1449036,-94.6,-2.5,82.7
1449061,-94.0,-2.7,82.9
1449086,-93.4,-3.1,82.9
1449111,-92.9,-3.3,82.7
1449136,-92.5,-3.6,82.2
1449161,-92.1,-3.9,82.2
1449186,-91.8,-4.2,82.0
1449211,-91.5,-4.4,81.9
1449236,-91.3,-4.6,81.8
1449261,-91.1,-4.6,81.7
1449286,-90.9,-4.8,81.5
1449311,-90.7,-4.9,81.2
1449336,-90.6,-4.7,80.7
1449361,-90.4,-4.7,80.1
1449386,-90.4,-4.9,80.0
1449411,-90.5,-5.3,80.7
1449436,-90.6,-5.5,81.2
1449461,-90.9,-5.5,81.3
1449486,-91.1,-5.7,81.1
1449511,-91.2,-6.0,81.0
1449536,-91.2,-6.3,80.9
1449561,-91.3,-6.7,80.8
1449586,-91.4,-6.7,80.8
1449611,-91.5,-6.6,80.9
1449636,-91.6,-6.3,81.2
1449661,-91.4,-6.0,81.2
1449686,-91.1,-5.6,81.1
1449711,-90.9,-5.1,81.0
1449736,-90.9,-4.6,81.0
1449761,-90.8,-4.3,81.1
1449786,-90.9,-3.7,81.4
1449811,-90.8,-3.3,81.6
1449836,-90.6,-2.9,81.4
1449861,-90.5,-2.4,80.9
1449886,-90.5,-1.9,80.4
1449911,-90.6,-1.4,80.4
1449936,-90.9,-0.3,80.0
1449961,-91.1,0.2,79.9
1449986,-91.1,0.5,79.8
1450011,-91.3,0.9,79.7
1450036,-91.5,1.2,79.7
1450061,-91.7,1.5,79.6
1450086,-91.8,1.6,79.5
1450111,-92.0,1.6,79.4
1450136,-92.1,1.7,79.4
1450161,-92.3,1.7,79.2
1450186,-92.3,1.6,79.0
1450211,-92.3,1.5,78.9
1450236,-92.4,1.4,78.7
1450261,-92.4,1.3,78.6
1450286,-92.3,1.2,78.4
1450311,-92.2,1.0,78.3
1450336,-92.1,0.8,78.6
1450361,-92.1,0.6,78.7
1450386,-92.0,0.4,78.6
1450411,-92.0,0.4,78.4
1450436,-91.9,0.2,78.3
1450461,-91.7,-0.1,77.9
1450486,-91.7,-0.3,77.8
1450511,-91.7,-0.5,77.9
1450536,-91.5,-0.6,78.1
1450561,-91.5,-0.7,78.0
1450586,-91.4,-0.7,78.0
1450611,-91.5,-0.7,78.0
1450636,-91.4,-0.6,78.1
1450661,-91.6,-0.5,78.2
1450686,-91.9,-0.5,78.4
1450711,-92.0,-0.5,78.5
1450736,-92.1,-0.5,78.6
1450761,-92.3,-0.5,78.7
1450786,-92.6,-0.4,78.7
1450811,-92.8,-0.2,78.6
1450836,-93.1,0.0,78.9
1450861,-93.4,0.4,79.2
1450886,-93.6,0.7,79.9
1450911,-94.0,1.4,80.1
1450936,-94.0,1.8,80.3
1450961,-93.9,1.8,80.2
1450986,-93.5,1.7,80.1
1451011,-91.8,1.4,79.8
1451036,-90.7,2.1,78.9
1451061,-89.9,2.7,78.5
1451086,-89.0,3.1,78.1
1451111,-88.0,3.5,77.7
1451136,-86.9,3.7,77.5
1451161,-85.9,3.9,77.7
1451186,-84.8,4.0,77.7
1451211,-83.7,4.0,78.1
1451236,-82.5,3.6,78.3
1451261,-81.3,3.3,78.7
1451286,-80.3,3.1,78.9
1451311,-79.3,2.8,79.2
1451336,-78.3,2.8,79.6
1451361,-77.3,2.9,79.9
1451386,-76.4,2.7,80.0
1451411,-75.4,2.1,80.1
1451436,-74.1,1.3,80.3
1451461,-72.7,0.4,80.5
1451486,-71.2,-0.2,80.8
1451511,-69.5,-0.9,81.1
1451536,-67.7,-1.8,81.7
1451561,-65.8,-2.8,82.6
1451586,-63.7,-3.5,83.3
1451611,-61.8,-4.1,83.6
1451636,-59.6,-4.9,84.1
1451661,-57.2,-5.5,84.4
1451686,-54.8,-6.2,84.2
1451711,-52.2,-6.8,83.9
1451736,-49.8,-7.0,83.6
1451761,-47.7,-7.1,83.6
1451786,-45.5,-6.9,83.5
1451811,-43.5,-6.7,83.3
1451836,-41.6,-6.3,83.3
1451861,-39.8,-6.0,83.4
1451886,-38.0,-5.9,83.3
1451911,-36.3,-5.7,83.1
1451936,-34.8,-5.4,82.9
1451961,-33.4,-5.4,82.8
1451986,-31.9,-5.5,83.0
1452011,-30.5,-5.6,82.9
1452036,-29.2,-5.5,82.7
1452061,-28.1,-5.4,82.3
1452086,-25.9,-5.3,81.4
1452111,-24.4,-6.1,81.1
1452136,-23.3,-6.4,80.7
1452161,-22.3,-6.8,80.3
1452186,-21.7,-7.2,80.1
1452211,-21.3,-7.2,79.9
1452236,-20.9,-7.1,79.8
1452261,-20.4,-7.1,80.1
1452286,-19.8,-6.9,80.4
1452311,-19.1,-6.3,80.2
1452336,-18.6,-5.8,79.8
1452361,-18.1,-5.3,79.4
1452386,-18.0,-5.1,79.6
1452411,-17.9,-5.0,79.8
1452436,-17.8,-5.0,80.0
1452461,-17.7,-4.9,80.4
1452486,-17.4,-4.7,80.9
1452511,-17.1,-3.8,81.0
1452536,-16.9,-3.0,80.6
1452561,-16.7,-2.3,80.3
1452586,-16.6,-1.9,80.1
1452611,-16.7,-1.8,80.5
1452636,-16.3,-1.5,80.7
1452661,-15.8,-1.0,80.7
1452686,-15.6,-0.5,80.6
1452711,-15.5,-0.0,80.3
1452736,-15.2,0.3,80.4
1452761,-15.0,0.4,80.4
1452786,-14.5,0.4,80.2
1452811,-14.1,0.5,80.2
1452836,-13.6,0.4,80.0
1452861,-13.1,0.1,79.9
1452886,-12.7,-0.2,79.5
1452911,-12.2,-0.8,79.4
1452936,-11.8,-1.1,79.7
1452961,-11.5,-1.2,80.0
1452986,-11.1,-1.1,80.1
1453011,-10.7,-1.2,80.5
1453036,-10.8,-1.4,81.0
1453061,-10.5,-1.9,81.2
1453086,-10.4,-2.3,81.5
1453111,-10.0,-2.7,81.3
1453136,-9.5,-3.2,80.8
1453161,-8.9,-3.4,80.2
1453186,-8.7,-3.6,79.4
1453211,-8.6,-3.8,79.7
1453236,-8.6,-4.0,80.3
1453261,-8.6,-4.3,80.5
1453286,-8.6,-4.5,80.0
1453311,-8.4,-4.6,79.7
1453336,-8.4,-4.7,79.6
1453361,-8.3,-4.6,79.4
1453386,-8.2,-4.5,79.3
1453411,-8.1,-4.7,79.1
1453436,-8.0,-4.8,79.1
1453461,-7.8,-4.9,78.9
1453486,-7.6,-5.0,78.8
1453511,-7.6,-5.1,78.8
1453536,-7.4,-5.2,78.8
1453561,-7.4,-5.2,78.7
1453586,-7.4,-5.1,78.4
1453611,-7.5,-5.4,78.3
1453636,-7.4,-5.6,78.5
1453661,-7.2,-5.9,78.8
1453686,-7.1,-6.0,78.9
1453711,-7.0,-5.9,79.0
1453736,-6.9,-5.9,79.3
1453761,-6.8,-6.0,79.6
1453786,-6.7,-5.9,79.7
1453811,-6.5,-5.8,79.7
1453836,-6.4,-5.6,79.8
1453861,-6.3,-5.4,80.1
1453886,-6.3,-5.3,80.4
1453911,-6.3,-5.4,80.6
1453936,-6.4,-5.4,80.7
1453961,-6.3,-5.6,80.7
1453986,-6.4,-5.9,80.7
1454011,-6.5,-6.5,81.1
1454036,-6.6,-6.9,81.3
1454061,-6.6,-7.1,81.4
1454086,-6.7,-7.1,81.2
1454111,-6.8,-7.3,80.8
1454136,-7.0,-7.5,80.3
1454161,-7.2,-7.8,79.6
1454186,-7.6,-8.0,79.3
1454211,-8.1,-8.3,79.0
1454236,-9.1,-8.4,77.6
1454261,-10.2,-8.3,77.4
1454286,-11.0,-8.2,77.4
1454311,-11.8,-7.9,77.2
1454336,-12.5,-7.4,77.0
1454361,-13.3,-6.4,77.3
1454386,-14.2,-5.5,77.8
1454411,-14.8,-5.2,77.7
1454436,-15.5,-5.1,77.6
1454461,-16.1,-5.3,77.6
1454486,-16.5,-5.4,78.0
1454511,-16.8,-5.3,78.1
1454536,-17.4,-5.0,78.2
1454561,-18.1,-4.6,78.1
1454586,-18.6,-4.4,78.1
1454611,-19.1,-4.4,78.2
1454636,-19.5,-4.3,78.1
1454661,-19.8,-4.1,78.0
1454686,-20.3,-3.9,77.9
1454711,-20.6,-3.8,77.7
1454736,-20.9,-3.5,77.7
1454761,-21.0,-3.4,77.7
1454786,-21.2,-3.2,77.6
1454811,-21.4,-3.0,77.7
1454836,-21.4,-2.9,77.6
1454861,-21.4,-2.8,77.6
1454886,-21.3,-2.8,77.6
1454911,-21.3,-2.8,77.6
1454936,-21.3,-2.7,77.6
1454961,-21.3,-2.5,77.5
1454986,-21.4,-2.4,77.6
1455011,-21.4,-2.4,77.7
1455036,-21.4,-2.3,77.8
1455061,-21.3,-2.3,77.7
1455086,-21.2,-2.3,77.7
1455111,-21.0,-2.4,77.9
1455136,-20.7,-2.5,78.0
1455161,-20.3,-2.7,78.2
1455186,-19.9,-2.8,78.3
1455211,-19.5,-2.9,78.4
1455236,-19.0,-3.1,78.4
1455261,-18.2,-3.3,78.4
1455286,-16.4,-3.4,78.1
1455311,-14.9,-3.2,78.2
1455336,-14.2,-3.2,78.5
1455361,-13.3,-3.2,78.6
1455386,-12.9,-3.2,78.6
1455411,-12.4,-3.3,78.5
1455436,-11.9,-3.4,78.5
1455461,-11.3,-3.5,78.5
1455486,-10.8,-3.7,78.5
1455511,-10.3,-3.7,78.6
1455536,-9.7,-3.8,78.7
1455561,-9.2,-3.8,78.8
1455586,-8.6,-3.7,78.9
1455611,-8.0,-3.7,78.9
1455636,-7.4,-3.8,78.8
1455661,-6.8,-4.0,78.8
1455686,-6.1,-4.2,78.9
1455711,-5.4,-4.2,79.0
1455736,-4.7,-4.2,79.2
1455761,-4.0,-4.1,79.4
1455786,-3.4,-3.9,79.4
1455811,-2.7,-3.9,79.6
1455836,-2.0,-3.8,79.8
1455861,-1.3,-3.6,79.8
1455886,-0.7,-3.7,79.8
1455911,-0.2,-4.2,79.8
1455936,0.4,-4.7,79.7
1455961,1.0,-4.9,79.7
1455986,1.3,-5.1,80.1
1456011,1.6,-5.3,80.5
1456036,2.0,-5.4,80.5
1456061,2.3,-5.7,80.6
1456086,2.7,-6.0,80.4
1456111,3.0,-6.1,80.2
1456136,3.1,-6.2,80.1
1456161,3.3,-6.3,80.1
1456186,3.5,-6.4,79.8
1456211,3.6,-6.5,79.4
1456236,3.6,-6.7,78.8
1456261,3.5,-6.9,78.3
1456286,3.3,-7.1,77.9
1456311,3.0,-7.1,77.7
1456336,2.7,-7.0,77.8
1456361,2.3,-6.5,77.9
1456386,1.3,-5.7,79.0
1456411,0.6,-5.8,79.2
1456436,0.4,-5.7,79.0
1456461,0.2,-5.6,79.4
1456486,0.1,-5.5,79.9
1456511,-0.1,-5.0,80.3
1456536,-0.1,-4.5,80.3
1456561,-0.2,-4.0,79.9
1456586,-0.3,-3.6,79.8
1456611,-0.4,-3.4,80.1
1456636,-0.5,-3.2,80.0
1456661,-0.6,-3.1,80.0
1456686,-0.7,-2.9,80.1
1456711,-0.7,-3.0,79.8
1456736,-0.9,-2.9,79.5
1456761,-0.9,-2.9,79.4
1456786,-1.2,-2.8,79.7
1456811,-1.4,-2.7,79.9
1456836,-1.8,-2.7,79.9
1456861,-2.1,-2.5,79.9
1456886,-2.4,-2.5,80.2
1456911,-2.8,-2.3,80.4
1456936,-3.1,-2.2,80.4
1456961,-3.6,-2.2,80.4
1456986,-3.9,-2.3,80.2
1457011,-4.3,-2.4,79.8
1457036,-4.7,-2.4,79.0
1457061,-5.2,-2.5,79.1
1457086,-5.5,-2.6,79.5
1457111,-5.9,-2.6,79.3
1457136,-6.4,-2.8,78.8
1457161,-6.9,-3.0,78.5
1457186,-7.4,-3.4,79.1
1457211,-7.8,-3.3,79.3
1457236,-8.4,-3.2,79.3
1457261,-8.8,-3.3,79.2
1457286,-9.3,-3.5,79.3
1457311,-9.6,-3.7,79.3
1457336,-9.9,-3.7,79.4
1457361,-10.3,-3.5,79.4
1457386,-10.9,-3.3,79.4
1457411,-11.2,-3.4,79.6
1457436,-11.6,-3.6,79.4
1457461,-11.9,-3.6,79.1
1457486,-12.3,-3.5,79.5
1457511,-12.6,-3.6,79.2
1457536,-12.8,-3.7,78.8
1457561,-12.9,-3.7,78.9
1457586,-13.2,-3.6,78.6
1457611,-13.4,-3.6,78.4
1457636,-13.7,-3.7,78.4
1457661,-14.0,-3.6,78.5
1457686,-14.2,-3.5,78.0
1457711,-14.4,-3.5,77.6
1457736,-14.8,-3.8,77.2
1457761,-15.1,-4.5,77.0
1457786,-15.0,-5.0,76.8
1457811,-14.9,-5.1,76.7
1457836,-15.0,-5.1,76.7
1457861,-15.0,-5.0,76.6
1457886,-15.0,-4.9,76.6
1457911,-15.1,-4.8,76.4
1457936,-15.4,-4.7,76.3
1457961,-15.5,-4.8,76.4
1457986,-15.5,-4.9,76.7
1458011,-15.6,-5.0,76.7
1458036,-15.8,-5.2,76.5
1458061,-15.9,-5.3,76.5
1458086,-16.1,-5.3,76.6
1458111,-16.4,-5.0,76.9
1458136,-16.5,-4.6,77.1
1458161,-16.7,-4.3,77.6
1458186,-17.1,-4.2,77.7
1458211,-17.3,-4.3,77.8
1458236,-17.3,-4.2,78.0
1458261,-17.5,-4.0,78.1
1458286,-17.6,-3.7,78.0
1458311,-17.8,-3.5,78.2
1458336,-18.0,-3.1,78.3
1458361,-18.1,-3.1,78.0
1458386,-18.4,-2.9,77.9
1458411,-18.8,-2.9,77.8
1458436,-19.0,-2.8,77.7
1458461,-19.3,-2.8,77.7
1458486,-19.6,-2.8,77.9
1458511,-19.8,-2.6,77.9
1458536,-20.4,-2.5,77.4
1458561,-20.7,-2.4,77.2
1458586,-21.0,-2.4,77.1
1458611,-21.3,-2.2,76.9
1458636,-21.4,-2.1,77.0
1458661,-21.6,-2.0,77.5
1458686,-21.9,-2.0,77.2
1458711,-22.2,-2.1,77.1
1458736,-22.3,-2.2,77.4
1458761,-22.5,-2.0,77.6
1458786,-22.7,-1.8,77.7
1458811,-23.0,-1.6,77.5
1458836,-23.2,-1.5,77.3
1458861,-23.5,-1.7,77.6
1458886,-23.8,-1.8,77.9
1458911,-24.0,-1.7,77.9
1458936,-24.3,-1.6,78.5
1458961,-24.6,-1.6,78.0
1458986,-24.9,-1.6,77.6
1459011,-25.0,-1.4,77.4
1459036,-25.4,-1.4,77.6
1459061,-25.7,-1.6,77.4
1459086,-26.0,-1.6,77.1
1459111,-26.2,-1.8,77.3
1459136,-26.5,-1.9,77.8
1459161,-26.8,-2.0,77.9
1459186,-27.0,-2.0,77.9
1459211,-27.3,-1.9,77.9
1459236,-27.7,-1.8,77.8
1459261,-28.1,-1.5,78.0
1459286,-28.6,-1.3,78.2
1459311,-29.1,-1.1,78.4
1459336,-29.5,-1.1,78.5
1459361,-30.0,-1.1,78.9
1459386,-30.5,-1.1,79.3
1459411,-31.0,-1.1,79.5
1459436,-31.4,-1.1,79.8
1459461,-31.8,-1.0,79.9
1459486,-32.2,-1.0,79.9
1459511,-32.6,-1.0,79.9
1459536,-33.1,-1.0,80.2
1459561,-33.4,-1.1,80.4
1459586,-33.9,-1.2,81.2
1459611,-34.5,-0.1,81.1
1459636,-35.1,0.5,81.2
1459661,-35.5,0.7,81.5
1459686,-35.9,0.9,81.9
1459711,-36.2,1.1,82.2
1459736,-36.5,1.1,82.0
1459761,-36.7,1.1,81.9
1459786,-37.0,1.2,81.7
1459811,-37.2,1.3,81.5
1459836,-37.3,1.6,81.2
1459861,-37.4,1.9,80.9
1459886,-37.6,2.2,80.4
1459911,-37.9,2.4,79.9
1459936,-38.0,2.5,79.5
1459961,-38.2,2.6,79.1
1459986,-38.5,2.6,78.8
1460011,-38.6,2.5,78.2
1460036,-38.7,2.2,77.7
1460061,-38.7,1.9,77.8
1460086,-38.7,1.8,77.9
1460111,-38.8,1.7,78.1
1460136,-38.7,1.4,78.4
1460161,-38.7,1.1,79.0
1460186,-38.6,1.0,79.3
1460211,-38.7,0.8,79.2
1460236,-38.7,0.4,78.9
1460261,-38.7,0.1,78.7
1460286,-38.6,-0.1,78.5
1460311,-38.7,-0.2,78.0
1460336,-38.7,-0.5,78.2
1460361,-38.7,-1.1,78.0
1460386,-38.7,-1.6,78.0
1460411,-38.4,-1.7,77.9
1460436,-38.1,-1.9,77.9
1460461,-37.8,-2.2,78.0
1460486,-37.5,-2.4,78.4
1460511,-37.2,-2.4,78.4
1460536,-37.0,-2.4,78.5
1460561,-36.8,-2.0,78.8
1460586,-36.7,-1.8,78.4
1460611,-36.8,-1.6,78.2
1460636,-36.9,-1.6,78.2
1460661,-36.9,-1.5,78.8
1460686,-37.0,-1.3,79.3
1460711,-37.2,-1.2,79.3
1460736,-37.4,-1.6,79.4
1460761,-37.5,-1.8,79.5
1460786,-37.6,-1.9,79.6
1460811,-37.6,-1.9,79.6
1460836,-37.5,-1.9,79.8
1460861,-37.7,-1.8,79.9
1460886,-37.8,-1.9,79.8
1460911,-37.9,-1.8,80.1
1460936,-38.0,-1.8,80.5
1460961,-38.1,-1.7,80.5
1460986,-38.2,-1.6,80.5
1461011,-38.0,-1.4,80.4
1461036,-37.8,-1.1,80.3
1461061,-38.1,-0.8,80.6
1461086,-38.3,-1.0,81.0
1461111,-38.2,-1.3,81.3
1461136,-38.2,-1.5,81.3
1461161,-38.3,-1.8,81.3
1461186,-38.3,-2.0,81.1
1461211,-38.4,-2.1,81.1
1461236,-38.6,-2.3,81.0
1461261,-38.8,-2.4,80.7
1461286,-39.1,-2.4,80.3
1461311,-39.2,-2.4,79.4
1461336,-39.2,-2.6,78.7
1461361,-39.6,-2.7,78.9
1461386,-39.9,-2.9,79.0
1461411,-40.6,-2.9,78.8
1461436,-41.2,-3.1,78.4
1461461,-41.7,-3.3,78.1
1461486,-42.3,-3.5,78.1
1461511,-42.9,-3.6,78.2
1461536,-43.5,-3.5,78.0
1461561,-44.4,-3.4,77.7
1461586,-45.2,-3.3,77.3
1461611,-46.0,-3.2,77.2
1461636,-46.6,-2.9,77.2
1461661,-47.3,-2.7,77.1
1461686,-47.9,-2.8,77.1
1461711,-49.0,-2.9,77.1
1461736,-49.7,-2.9,77.1
1461761,-50.0,-2.9,77.0
1461786,-50.4,-2.9,77.1
1461811,-50.7,-2.8,77.0
1461836,-50.9,-2.6,77.2
1461861,-51.1,-2.3,77.3
1461886,-51.4,-2.0,77.4
1461911,-51.6,-1.8,77.7
1461936,-51.8,-1.5,77.9
1461961,-51.9,-1.1,78.1
1461986,-52.0,-0.8,78.1
1462011,-52.2,-0.4,78.3
1462036,-52.4,0.0,78.6
1462061,-52.6,0.5,79.0
1462086,-52.8,0.9,79.1
1462111,-53.0,1.4,79.1
1462136,-53.3,1.8,78.9
1462161,-53.6,2.3,78.8
1462186,-53.8,2.6,78.5
1462211,-54.1,2.8,78.3
1462236,-54.3,3.0,78.0
1462261,-54.6,3.2,77.9
1462286,-54.8,3.6,78.0
1462311,-55.1,4.0,78.3
1462336,-55.3,3.9,78.6
1462361,-55.4,3.3,78.8
1462386,-55.3,2.7,78.9
1462411,-55.1,2.3,79.0
1462436,-54.9,2.0,78.9
1462461,-54.6,1.6,78.9
1462486,-54.1,1.1,79.0
1462511,-53.5,0.7,78.7
1462536,-52.9,0.6,78.5
1462561,-52.3,0.6,78.2
1462586,-51.9,0.6,78.0
1462611,-51.3,0.5,78.2
1462636,-50.8,0.2,78.7
1462661,-50.3,-0.0,78.9
1462686,-49.6,-0.2,79.0
1462711,-49.1,-0.2,78.9
1462736,-48.6,-0.3,79.1
1462761,-48.0,-0.3,79.4
1462786,-47.2,-0.2,79.6
1462811,-46.5,-0.0,79.6
1462836,-46.4,-0.1,79.8
1462861,-46.2,-0.2,80.1
1462886,-46.3,-0.2,80.4
1462911,-46.3,-0.2,80.4
1462936,-46.2,-0.3,80.3
1462961,-46.3,-0.3,80.1
1462986,-46.5,-0.2,80.1
1463011,-46.9,-0.2,80.4
1463036,-47.4,-0.1,80.4
1463061,-48.1,-0.4,80.5
1463086,-48.9,-0.8,80.6
1463111,-49.8,-1.1,80.8
1463136,-50.8,-1.3,81.0
1463161,-52.0,-1.5,81.2
1463186,-53.1,-1.6,81.2
1463211,-54.2,-2.1,81.2
1463236,-55.4,-2.5,81.4
1463261,-56.5,-2.6,81.3
1463286,-57.9,-2.7,81.4
1463311,-59.6,-2.4,81.6
1463336,-61.3,-2.2,81.9
1463361,-63.2,-2.2,81.9
1463386,-64.9,-2.3,82.2
1463411,-66.7,-2.4,82.2
1463436,-68.6,-2.3,82.3
1463461,-70.5,-2.1,81.9
1463486,-72.4,-1.8,81.5
1463511,-74.3,-1.4,81.5
1463536,-76.2,-1.0,81.6
1463561,-78.1,-0.5,81.8
1463586,-80.0,-0.3,82.2
1463611,-81.8,-0.1,82.6
1463636,-83.8,0.3,82.8
1463661,-85.8,1.1,83.0
1463686,-87.8,1.9,83.5
1463711,-90.0,2.4,83.7
1463736,-91.9,2.7,83.7
1463761,-93.8,3.0,83.5
1463786,-95.7,3.3,83.5
1463811,-97.6,3.8,83.3
1463836,-100.4,4.2,82.1
1463861,-103.1,4.5,81.6
1463886,-104.9,4.6,81.4
1463911,-106.7,4.7,81.3
1463936,-108.3,4.7,81.1
1463961,-110.0,4.5,80.4
1463986,-111.6,4.4,79.5
1464011,-113.2,4.1,79.1
1464036,-114.4,4.0,78.7
1464061,-115.5,3.7,78.6
1464086,-116.4,3.4,78.4
1464111,-117.3,3.4,77.9
1464136,-117.8,3.3,77.5
1464161,-118.4,3.7,77.5
1464186,-119.2,4.1,77.9
1464211,-120.0,4.7,78.3
1464236,-120.6,5.3,78.5
1464261,-121.2,6.1,78.9
1464286,-122.1,6.7,79.3
1464311,-122.8,6.9,79.6
1464336,-123.7,7.1,79.6
1464361,-124.6,7.5,79.7
1464386,-125.5,7.6,80.2
1464411,-126.6,7.3,80.6
1464436,-127.5,6.6,80.8
1464461,-128.4,5.9,80.8
1464486,-129.4,5.2,81.0
1464511,-130.4,4.5,81.3
1464536,-131.3,3.6,81.3
1464561,-132.3,2.9,81.1
1464586,-133.4,2.4,80.8
1464611,-134.5,1.8,80.9
1464636,-135.3,1.1,81.0
1464661,-136.0,0.7,81.0
1464686,-136.9,0.2,81.0
1464711,-137.8,-0.2,81.0
1464736,-138.8,-0.7,81.0
1464761,-139.7,-1.3,80.9
1464786,-140.6,-1.9,81.0
1464811,-141.5,-2.3,81.0
1464836,-142.5,-2.3,81.3
1464861,-143.5,-2.4,81.6
1464886,-145.9,-2.7,82.2
1464911,-147.7,-3.3,82.4
1464936,-149.0,-3.5,82.4
1464961,-150.3,-3.7,82.4
1464986,-151.6,-3.6,82.3
1465011,-153.0,-3.7,82.2
1465036,-154.3,-4.0,82.2
1465061,-155.4,-4.4,82.0
1465086,-156.6,-4.7,81.7
1465111,-157.6,-5.1,81.4
1465136,-158.3,-5.3,81.0
1465161,-159.0,-5.4,80.6
1465186,-159.4,-5.5,80.3
1465211,-159.9,-5.3,79.9
1465236,-160.2,-5.2,79.4
1465261,-160.4,-5.4,79.0
1465286,-160.3,-5.3,78.4
1465311,-160.4,-5.0,78.0
1465336,-160.2,-4.6,77.7
1465361,-160.0,-4.0,77.0
1465386,-159.9,-3.4,76.5
1465411,-159.7,-3.1,76.3
1465436,-159.4,-2.9,76.6
1465461,-158.9,-2.8,76.8
1465486,-158.2,-2.8,77.0
1465511,-157.6,-2.4,76.9
1465536,-157.0,-2.0,77.0
1465561,-156.4,-1.4,77.0
1465586,-155.8,-1.0,77.1
1465611,-155.2,-0.8,77.2
1465636,-154.5,-0.7,77.4
1465661,-153.8,-0.6,77.7
1465686,-152.9,-0.4,77.7
1465711,-152.0,-0.3,77.5
1465736,-151.0,-0.3,77.5
1465761,-149.9,-0.3,77.8
1465786,-148.7,-0.2,78.3
1465811,-147.5,-0.1,78.5
1465836,-145.9,-0.1,78.5
1465861,-144.3,0.0,78.7
1465886,-141.5,0.4,79.5
1465911,-139.0,0.7,79.2
1465936,-137.4,0.8,78.9
1465961,-135.7,0.6,79.0
1465986,-133.8,0.4,79.3
1466011,-131.8,0.4,79.7
1466036,-129.9,0.5,80.1
1466061,-127.8,0.4,80.5
1466086,-125.7,0.4,80.8
1466111,-123.5,0.5,81.1
1466136,-121.1,0.5,81.3
1466161,-118.8,0.5,81.5
1466186,-116.5,0.6,81.4
1466211,-114.2,0.9,81.2
1466236,-111.9,1.1,80.7
1466261,-109.6,1.2,80.3
1466286,-107.3,1.0,79.9
1466311,-105.0,0.2,79.7
1466336,-102.7,-0.7,79.9
1466361,-100.3,-0.8,80.0
1466386,-98.3,-0.7,80.3
1466411,-96.3,-0.7,80.7
1466436,-94.1,-0.8,81.3
1466461,-91.9,-1.3,81.8
1466486,-89.7,-1.8,82.4
1466511,-87.5,-2.6,82.7
1466536,-85.2,-3.4,83.0
1466561,-82.8,-4.1,82.9
1466586,-80.4,-4.6,82.9
1466611,-78.2,-5.1,83.0
1466636,-76.1,-5.4,83.2
1466661,-74.1,-5.4,83.4
1466686,-72.3,-5.4,83.2
1466711,-70.5,-5.4,82.9
1466736,-68.9,-5.4,82.9
1466761,-67.3,-5.5,82.9
1466786,-65.9,-5.6,82.8
1466811,-64.7,-5.6,82.9
1466836,-63.7,-5.5,83.3
1466861,-62.7,-5.5,83.5
1466886,-61.7,-5.4,83.5
1466911,-60.9,-5.3,83.4
1466936,-59.8,-5.1,83.1
1466961,-59.1,-4.8,82.5
1466986,-58.8,-4.8,82.0
1467011,-58.6,-4.9,81.5
1467036,-58.1,-5.0,81.0
1467061,-58.0,-4.9,80.4
1467086,-58.1,-4.5,79.8
1467111,-58.0,-4.0,79.2
1467136,-58.4,-3.6,79.0
1467161,-58.7,-3.3,78.9
1467186,-58.6,-3.1,78.5
1467211,-58.5,-2.6,78.3
1467236,-58.7,-2.2,78.2
1467261,-58.9,-1.9,78.1
1467286,-59.2,-1.8,78.3
1467311,-59.6,-1.7,78.4
1467336,-59.8,-1.8,78.1
1467361,-59.9,-1.8,77.8
1467386,-60.1,-1.6,77.5
1467411,-60.3,-1.5,77.6
1467436,-60.5,-1.3,77.3
1467461,-60.7,-1.2,77.2
1467486,-60.8,-1.2,77.3
1467511,-60.9,-1.2,77.4
1467536,-61.0,-1.1,77.3
1467561,-61.0,-1.0,77.3
1467586,-60.9,-0.8,77.2
1467611,-60.9,-0.7,77.2
1467636,-61.0,-0.5,77.5
1467661,-61.1,-0.1,77.8
1467686,-61.2,0.1,77.8
1467711,-61.3,0.3,77.7
1467736,-61.2,0.6,77.7
1467761,-61.2,0.9,77.9
1467786,-61.1,1.2,77.6
1467811,-61.1,1.1,77.5
1467836,-60.6,0.9,77.3
1467861,-60.3,0.6,76.7
1467886,-59.9,0.0,76.1
1467911,-59.5,-0.3,75.8
1467936,-59.0,-0.7,76.0
1467961,-58.7,-1.1,76.3
1467986,-58.5,-1.7,76.2
1468011,-58.6,-3.1,76.9
1468036,-58.6,-4.8,76.4
1468061,-58.6,-5.8,76.1
1468086,-58.7,-6.9,76.2
1468111,-58.8,-7.8,75.9
1468136,-58.8,-8.6,75.5
1468161,-58.9,-9.4,75.2
1468186,-59.0,-11.0,75.4
1468211,-58.8,-12.4,75.4
1468236,-58.7,-13.3,75.4
1468261,-58.6,-14.1,75.4
1468286,-58.5,-15.2,75.4
1468311,-58.1,-16.2,75.6
1468336,-57.6,-17.2,75.5
1468361,-57.3,-17.8,75.4
1468386,-56.9,-18.6,75.2
1468411,-56.4,-19.4,74.9
1468436,-55.9,-19.8,74.8
1468461,-55.1,-20.0,74.6
1468486,-54.5,-20.1,74.4
1468511,-53.8,-20.0,74.5
1468536,-53.0,-19.7,74.4
1468561,-52.7,-19.3,74.6
1468586,-52.6,-19.0,75.0
1468611,-52.6,-18.5,75.2
1468636,-52.5,-17.6,75.2
1468661,-52.6,-16.7,75.4
1468686,-52.8,-15.6,75.7
1468711,-53.1,-14.4,75.8
1468736,-53.5,-13.6,76.3
1468761,-53.8,-12.7,76.5
1468786,-54.1,-11.5,76.4
1468811,-54.3,-10.3,76.4
1468836,-54.5,-9.2,76.3
1468861,-54.6,-8.2,76.2
1468886,-54.8,-7.0,76.0
1468911,-54.9,-5.7,76.0
1468936,-55.0,-4.6,76.1
1468961,-54.8,-3.6,75.9
1468986,-54.5,-2.1,75.6
1469011,-54.3,-0.7,75.5
1469036,-53.8,2.8,75.6
1469061,-53.4,5.0,75.3
1469086,-52.7,6.4,75.2
1469111,-52.1,8.2,75.5
1469136,-51.6,9.8,76.1
1469161,-51.0,11.9,76.8
1469186,-50.8,13.6,77.0
1469211,-50.5,15.3,77.4
1469236,-50.1,16.7,78.2
1469261,-49.8,18.2,78.9
1469286,-49.7,19.5,79.0
1469311,-49.5,20.9,79.4
1469336,-49.5,21.9,79.7
1469361,-49.7,22.9,79.9
1469386,-50.0,23.8,79.8
1469411,-50.2,24.7,80.0
1469436,-50.5,25.5,80.1
1469461,-50.8,26.4,80.3
1469486,-51.0,27.1,80.5
1469511,-51.3,27.7,80.4
1469536,-51.7,28.1,80.4
1469561,-52.0,28.4,80.3
1469586,-52.3,28.4,80.2
1469611,-52.6,28.4,80.0
1469636,-53.0,28.1,79.7
1469661,-53.3,27.8,79.7
1469686,-53.7,27.2,79.5
1469711,-53.9,26.9,79.6
1469736,-54.1,26.4,79.9
1469761,-54.8,25.5,79.7
1469786,-55.1,24.4,79.4
1469811,-55.6,23.4,78.8
1469836,-56.3,22.4,78.6
1469861,-57.0,20.7,78.5
1469886,-57.3,19.0,78.1
1469911,-57.6,17.7,77.6
1469936,-58.0,16.3,77.6
1469961,-58.7,14.7,77.4
1469986,-59.4,13.0,77.2
1470011,-60.1,11.0,76.9
1470036,-60.8,9.4,77.0
1470061,-61.6,7.8,77.2
1470086,-62.6,5.6,77.7
1470111,-63.7,3.2,77.9
1470136,-64.3,1.8,77.7
1470161,-64.7,0.6,77.7
1470186,-65.0,-0.5,77.8
1470211,-65.3,-1.5,78.0
1470236,-65.5,-2.4,78.4
1470261,-65.7,-3.4,78.9
1470286,-65.8,-4.3,79.4
1470311,-65.7,-5.2,80.0
1470336,-65.4,-5.8,80.4
1470361,-65.0,-6.3,80.4
1470386,-64.5,-6.5,80.4
1470411,-63.7,-6.3,80.3
1470436,-63.1,-5.9,80.5
1470461,-62.4,-5.5,80.8
1470486,-61.8,-5.0,80.9
1470511,-61.2,-4.4,80.8
1470536,-60.6,-3.9,80.6
1470561,-60.0,-3.4,80.8
1470586,-59.5,-2.8,80.9
1470611,-59.0,-2.2,80.9
1470636,-58.6,-1.8,80.8
1470661,-58.1,-1.6,80.8
1470686,-57.6,-1.4,80.8
1470711,-57.1,-1.3,80.6
1470736,-56.6,-1.2,80.5
1470761,-56.1,-1.2,80.4
1470786,-55.7,-1.4,80.1
1470811,-55.3,-1.7,79.8
1470836,-54.9,-2.0,79.8
1470861,-54.6,-2.4,79.7
1470886,-54.2,-2.5,79.6
1470911,-53.9,-2.5,79.5
1470936,-53.8,-2.5,79.3
1470961,-53.6,-2.6,79.3
1470986,-53.4,-2.8,79.2
1471011,-53.4,-3.1,79.1
1471036,-53.2,-3.4,79.1
1471061,-53.1,-3.5,79.1
1471086,-53.0,-3.6,79.3
1471111,-52.9,-3.5,79.1
1471136,-52.9,-3.2,78.4
1471161,-53.1,-3.4,78.3
1471186,-53.2,-3.5,78.0
1471211,-53.4,-3.8,77.8
1471236,-53.4,-3.9,77.3
1471261,-53.6,-3.7,77.4
1471286,-54.0,-3.6,77.9
1471311,-54.4,-3.9,78.0
1471336,-54.5,-3.9,77.9
1471361,-54.6,-3.9,77.9
1471386,-54.9,-3.9,77.6
1471411,-55.0,-3.7,77.6
1471436,-55.7,-3.6,77.6
1471461,-56.3,-3.0,77.6
1471486,-56.8,-2.6,77.7
1471511,-57.4,-2.0,77.7
1471536,-57.9,-1.5,77.7
1471561,-58.3,-1.0,77.4
1471586,-58.9,-0.5,77.1
1471611,-59.6,-0.1,77.1
1471636,-60.3,0.2,77.1
1471661,-61.2,0.4,76.9
1471686,-61.8,0.5,76.8
1471711,-62.4,0.8,76.4
1471736,-63.1,1.1,76.3
1471761,-63.8,1.3,76.2
1471786,-64.4,1.5,76.3
1471811,-65.3,1.9,76.8
1471836,-66.1,2.2,77.3
1471861,-66.8,2.3,77.7
1471886,-67.6,2.4,78.2
1471911,-68.3,2.7,78.4
1471936,-68.8,2.9,78.5
1471961,-69.5,3.4,78.9
1471986,-70.0,3.7,79.3
1472011,-70.6,4.0,79.5
1472036,-71.0,4.3,79.4
1472061,-71.6,4.6,79.4
1472086,-71.9,4.9,79.5
1472111,-72.5,5.3,79.6
1472136,-72.7,5.7,79.4
1472161,-72.9,5.7,79.4



